 QMD%strs
QMD%loopc, QMD%smax    1    0.112041E-02    0.500000E-06      -0.6855942753E+00
       -0.0006468700        0.0000000000        0.0000000000
        0.0000000000       -0.0006468700        0.0000000000
        0.0000000000        0.0000000000       -0.0006468700
 QMD%strs
QMD%loopc, QMD%smax    2    0.103799E-02    0.500000E-06      -0.7120922881E+00
       -0.0005948247        0.0000050846        0.0000035953
        0.0000050846       -0.0006006958        0.0000020758
        0.0000035953        0.0000020758       -0.0006021636
 QMD%strs
QMD%loopc, QMD%smax    3    0.894579E-03    0.500000E-06      -0.7342509477E+00
       -0.0005049859        0.0000127999        0.0000090509
        0.0000127999       -0.0005197659        0.0000052255
        0.0000090509        0.0000052255       -0.0005234609
 QMD%strs
QMD%loopc, QMD%smax    4    0.101295E-02    0.500000E-06      -0.7121379674E+00
       -0.0005802667        0.0000051961        0.0000036742
        0.0000051961       -0.0005862666        0.0000021213
        0.0000036742        0.0000021213       -0.0005877666
 QMD%strs
QMD%loopc, QMD%smax    5    0.104018E-02    0.500000E-06      -0.6862696733E+00
       -0.0005998193        0.0000008387        0.0000005930
        0.0000008387       -0.0006007877        0.0000003424
        0.0000005930        0.0000003424       -0.0006010298
 QMD%strs
QMD%loopc, QMD%smax    6    0.107943E-02    0.500000E-06      -0.6633163483E+00
       -0.0006230112        0.0000002287        0.0000001617
        0.0000002287       -0.0006232754        0.0000000934
        0.0000001617        0.0000000934       -0.0006233414
 QMD%strs
QMD%loopc, QMD%smax    7    0.112011E-02    0.500000E-06      -0.6405115113E+00
       -0.0006468211       -0.0000001458       -0.0000001031
       -0.0000001458       -0.0006466527       -0.0000000595
       -0.0000001031       -0.0000000595       -0.0006466107
 QMD%strs
QMD%loopc, QMD%smax    8    0.115440E-02    0.500000E-06      -0.6122558854E+00
       -0.0006654446        0.0000012073        0.0000008537
        0.0000012073       -0.0006668387        0.0000004929
        0.0000008537        0.0000004929       -0.0006671872
 QMD%strs
QMD%loopc, QMD%smax    9    0.106315E-02    0.500000E-06      -0.6395898264E+00
       -0.0006134721        0.0000003907        0.0000002762
        0.0000003907       -0.0006139232        0.0000001595
        0.0000002762        0.0000001595       -0.0006140360
 QMD%strs
QMD%loopc, QMD%smax   10    0.961319E-03    0.500000E-06      -0.6631884085E+00
       -0.0005554232       -0.0000004688       -0.0000003315
       -0.0000004688       -0.0005548819       -0.0000001914
       -0.0000003315       -0.0000001914       -0.0005547466
 QMD%strs
QMD%loopc, QMD%smax   11    0.887275E-03    0.500000E-06      -0.6823712947E+00
       -0.0005134193       -0.0000013344       -0.0000009436
       -0.0000013344       -0.0005118785       -0.0000005448
       -0.0000009436       -0.0000005448       -0.0005114933
 QMD%strs
QMD%loopc, QMD%smax   12    0.948321E-03    0.500000E-06      -0.6630101898E+00
       -0.0005479310       -0.0000004832       -0.0000003417
       -0.0000004832       -0.0005473731       -0.0000001973
       -0.0000003417       -0.0000001973       -0.0005472336
 QMD%strs
QMD%loopc, QMD%smax   13    0.816872E-03    0.500000E-06      -0.6708470997E+00
       -0.0004746262       -0.0000035094       -0.0000024816
       -0.0000035094       -0.0004705738       -0.0000014327
       -0.0000024816       -0.0000014327       -0.0004695607
 QMD%strs
QMD%loopc, QMD%smax   14    0.726342E-03    0.500000E-06      -0.6551492765E+00
       -0.0004197476       -0.0000004554       -0.0000003220
       -0.0000004554       -0.0004192218       -0.0000001859
       -0.0000003220       -0.0000001859       -0.0004190903
 QMD%strs
QMD%loopc, QMD%smax   15    0.420408E-03    0.500000E-06      -0.6497552522E+00
       -0.0002414351        0.0000014729        0.0000010415
        0.0000014729       -0.0002431359        0.0000006013
        0.0000010415        0.0000006013       -0.0002435611
 QMD%strs
QMD%loopc, QMD%smax   16    0.485612E-03    0.500000E-06      -0.6394417874E+00
       -0.0002802460        0.0000001407        0.0000000995
        0.0000001407       -0.0002804085        0.0000000575
        0.0000000995        0.0000000575       -0.0002804491
 QMD%strs
QMD%loopc, QMD%smax   17    0.563029E-03    0.500000E-06      -0.6291560002E+00
       -0.0003255264       -0.0000005345       -0.0000003779
       -0.0000005345       -0.0003249093       -0.0000002182
       -0.0000003779       -0.0000002182       -0.0003247550
 QMD%strs
QMD%loopc, QMD%smax   18    0.625462E-03    0.500000E-06      -0.6157845324E+00
       -0.0003620721       -0.0000011152       -0.0000007885
       -0.0000011152       -0.0003607844       -0.0000004553
       -0.0000007885       -0.0000004553       -0.0003604625
 QMD%strs
QMD%loopc, QMD%smax   19    0.555607E-03    0.500000E-06      -0.6285735471E+00
       -0.0003212432       -0.0000005367       -0.0000003795
       -0.0000005367       -0.0003206235       -0.0000002191
       -0.0000003795       -0.0000002191       -0.0003204686
 QMD%strs
QMD%loopc, QMD%smax   20    0.507471E-03    0.500000E-06      -0.6405947292E+00
       -0.0002929688        0.0000000228        0.0000000161
        0.0000000228       -0.0002929951        0.0000000093
        0.0000000161        0.0000000093       -0.0002930017
 QMD%strs
QMD%loopc, QMD%smax   21    0.585877E-03    0.500000E-06      -0.6292871450E+00
       -0.0003384427       -0.0000002152       -0.0000001522
       -0.0000002152       -0.0003381942       -0.0000000878
       -0.0000001522       -0.0000000878       -0.0003381321
 QMD%strs
QMD%loopc, QMD%smax   22    0.704284E-03    0.500000E-06      -0.6160818319E+00
       -0.0004061386        0.0000005531        0.0000003911
        0.0000005531       -0.0004067773        0.0000002258
        0.0000003911        0.0000002258       -0.0004069371
 QMD%strs
QMD%loopc, QMD%smax   23    0.631965E-03    0.500000E-06      -0.6306138107E+00
       -0.0003646712        0.0000002235        0.0000001581
        0.0000002235       -0.0003649294        0.0000000913
        0.0000001581        0.0000000913       -0.0003649939
 QMD%strs
QMD%loopc, QMD%smax   24    0.618054E-03    0.500000E-06      -0.6378815062E+00
       -0.0003566861        0.0000001700        0.0000001202
        0.0000001700       -0.0003568825        0.0000000694
        0.0000001202        0.0000000694       -0.0003569313
 QMD%strs
QMD%loopc, QMD%smax   25    0.552426E-03    0.500000E-06      -0.6502975309E+00
       -0.0003193299       -0.0000004468       -0.0000003158
       -0.0000004468       -0.0003188149       -0.0000001818
       -0.0000003158       -0.0000001818       -0.0003186831
 QMD%strs
QMD%loopc, QMD%smax   26    0.648349E-03    0.500000E-06      -0.6403035516E+00
       -0.0003742226        0.0000001201        0.0000000819
        0.0000001201       -0.0003743784        0.0000000549
        0.0000000819        0.0000000549       -0.0003743717
 QMD%strs
QMD%loopc, QMD%smax   27    0.717843E-03    0.500000E-06      -0.6259261989E+00
       -0.0004140353        0.0000004808        0.0000003382
        0.0000004808       -0.0004146237        0.0000002094
        0.0000003382        0.0000002094       -0.0004146800
 QMD%strs
QMD%loopc, QMD%smax   28    0.776108E-03    0.500000E-06      -0.6087531019E+00
       -0.0004472352        0.0000009953        0.0000007013
        0.0000009953       -0.0004484877        0.0000004449
        0.0000007013        0.0000004449       -0.0004485266
 QMD%strs
QMD%loopc, QMD%smax   29    0.697659E-03    0.500000E-06      -0.6246326026E+00
       -0.0004022711        0.0000006003        0.0000004253
        0.0000006003       -0.0004029479        0.0000002390
        0.0000004253        0.0000002390       -0.0004031589
 QMD%strs
QMD%loopc, QMD%smax   30    0.633226E-03    0.500000E-06      -0.6401600487E+00
       -0.0003655257        0.0000000755        0.0000000292
        0.0000000755       -0.0003658501        0.0000000942
        0.0000000292        0.0000000942       -0.0003654037
 QMD%strs
QMD%loopc, QMD%smax   31    0.565537E-03    0.500000E-06      -0.6525903997E+00
       -0.0003267489       -0.0000003465       -0.0000002449
       -0.0000003465       -0.0003260802       -0.0000002958
       -0.0000002449       -0.0000002958       -0.0003267068
 QMD%strs
QMD%loopc, QMD%smax   32    0.635987E-03    0.500000E-06      -0.6398386165E+00
       -0.0003670392        0.0000001523        0.0000000645
        0.0000001523       -0.0003675656        0.0000001587
        0.0000000645        0.0000001587       -0.0003669565
 QMD%strs
QMD%loopc, QMD%smax   33    0.697791E-03    0.500000E-06      -0.6249752057E+00
       -0.0004020668        0.0000008897        0.0000005134
        0.0000008897       -0.0004049715        0.0000010251
        0.0000005134        0.0000010251       -0.0004015526
 QMD%strs
QMD%loopc, QMD%smax   34    0.606223E-03    0.500000E-06      -0.6396818216E+00
       -0.0003499477       -0.0000000225        0.0000000015
       -0.0000000225       -0.0003504169        0.0000000560
        0.0000000015        0.0000000560       -0.0003496438
 QMD%strs
QMD%loopc, QMD%smax   35    0.542715E-03    0.500000E-06      -0.6535376108E+00
       -0.0003129442        0.0000000968        0.0000001205
        0.0000000968       -0.0003123081       -0.0000004023
        0.0000001205       -0.0000004023       -0.0003147520
 QMD%strs
QMD%loopc, QMD%smax   36    0.615209E-03    0.500000E-06      -0.6440745673E+00
       -0.0003553167       -0.0000002495       -0.0000000040
       -0.0000002495       -0.0003551654       -0.0000001134
       -0.0000000040       -0.0000001134       -0.0003550898
 QMD%strs
QMD%loopc, QMD%smax   37    0.685736E-03    0.500000E-06      -0.6320899058E+00
       -0.0003973413       -0.0000019015       -0.0000011603
       -0.0000019015       -0.0003963606       -0.0000003919
       -0.0000011603       -0.0000003919       -0.0003939944
 QMD%strs
QMD%loopc, QMD%smax   38    0.756131E-03    0.500000E-06      -0.6159751525E+00
       -0.0004385508       -0.0000028262       -0.0000019136
       -0.0000028262       -0.0004386008        0.0000000133
       -0.0000019136        0.0000000133       -0.0004324240
 QMD%strs
QMD%loopc, QMD%smax   39    0.814618E-03    0.500000E-06      -0.5974778799E+00
       -0.0004723254       -0.0000035166       -0.0000024167
       -0.0000035166       -0.0004722169       -0.0000000512
       -0.0000024167       -0.0000000512       -0.0004663151
 QMD%strs
QMD%loopc, QMD%smax   40    0.719892E-03    0.500000E-06      -0.6093419992E+00
       -0.0004166870       -0.0000022502       -0.0000015716
       -0.0000022502       -0.0004150375       -0.0000005268
       -0.0000015716       -0.0000005268       -0.0004151245
 QMD%strs
QMD%loopc, QMD%smax   41    0.722015E-03    0.500000E-06      -0.6031052041E+00
       -0.0004179622       -0.0000015678       -0.0000011231
       -0.0000015678       -0.0004147764        0.0000004806
       -0.0000011231        0.0000004806       -0.0004178018
 QMD%strs
QMD%loopc, QMD%smax   42    0.742472E-03    0.500000E-06      -0.5897630042E+00
       -0.0004321133       -0.0000043232       -0.0000030558
       -0.0000043232       -0.0004225954        0.0000011570
       -0.0000030558        0.0000011570       -0.0004310891
 QMD%strs
QMD%loopc, QMD%smax   43    0.781707E-03    0.500000E-06      -0.5755571065E+00
       -0.0004537775       -0.0000057231       -0.0000030138
       -0.0000057231       -0.0004457162        0.0000010701
       -0.0000030138        0.0000010701       -0.0004542216
 QMD%strs
QMD%loopc, QMD%smax   44    0.812883E-03    0.500000E-06      -0.5624757140E+00
       -0.0004704759       -0.0000067374       -0.0000020267
       -0.0000067374       -0.0004600114        0.0000021094
       -0.0000020267        0.0000021094       -0.0004770802
 QMD%strs
QMD%loopc, QMD%smax   45    0.854093E-03    0.500000E-06      -0.5413776538E+00
       -0.0004955582       -0.0000071564       -0.0000007867
       -0.0000071564       -0.0004824138        0.0000053947
       -0.0000007867        0.0000053947       -0.0005008500
 QMD%strs
QMD%loopc, QMD%smax   46    0.829809E-03    0.500000E-06      -0.5540062936E+00
       -0.0004797268       -0.0000080397       -0.0000016480
       -0.0000080397       -0.0004728943        0.0000003958
       -0.0000016480        0.0000003958       -0.0004842996
 QMD%strs
QMD%loopc, QMD%smax   47    0.825802E-03    0.500000E-06      -0.5549296942E+00
       -0.0004805255       -0.0000075674       -0.0000034849
       -0.0000075674       -0.0004672905        0.0000013207
       -0.0000034849        0.0000013207       -0.0004820786
 QMD%strs
QMD%loopc, QMD%smax   48    0.817968E-03    0.500000E-06      -0.5575187500E+00
       -0.0004785829       -0.0000064925       -0.0000046842
       -0.0000064925       -0.0004597749        0.0000023364
       -0.0000046842        0.0000023364       -0.0004778686
 QMD%strs
QMD%loopc, QMD%smax   49    0.804767E-03    0.500000E-06      -0.5629770082E+00
       -0.0004691282       -0.0000012907       -0.0000027039
       -0.0000012907       -0.0004559368        0.0000031214
       -0.0000027039        0.0000031214       -0.0004686321
 QMD%strs
QMD%loopc, QMD%smax   50    0.787311E-03    0.500000E-06      -0.5665725743E+00
       -0.0004593236        0.0000006472       -0.0000034834
        0.0000006472       -0.0004408021        0.0000003232
       -0.0000034834        0.0000003232       -0.0004631660
 QMD%strs
QMD%loopc, QMD%smax   51    0.776178E-03    0.500000E-06      -0.5719844568E+00
       -0.0004499560        0.0000020414       -0.0000028697
        0.0000020414       -0.0004248218       -0.0000017287
       -0.0000028697       -0.0000017287       -0.0004684615
 QMD%strs
QMD%loopc, QMD%smax   52    0.775695E-03    0.500000E-06      -0.5717395800E+00
       -0.0004551265       -0.0000045361       -0.0000077332
       -0.0000045361       -0.0004234110       -0.0000053248
       -0.0000077332       -0.0000053248       -0.0004635200
 QMD%strs
QMD%loopc, QMD%smax   53    0.783267E-03    0.500000E-06      -0.5716848890E+00
       -0.0004615840       -0.0000061054       -0.0000104883
       -0.0000061054       -0.0004251822       -0.0000086515
       -0.0000104883       -0.0000086515       -0.0004677375
 QMD%strs
QMD%loopc, QMD%smax   54    0.813774E-03    0.500000E-06      -0.5593204713E+00
       -0.0004824262       -0.0000088398       -0.0000134532
       -0.0000088398       -0.0004432628       -0.0000091085
       -0.0000134532       -0.0000091085       -0.0004812926
 QMD%strs
QMD%loopc, QMD%smax   55    0.839362E-03    0.500000E-06      -0.5507154908E+00
       -0.0005018296       -0.0000140994       -0.0000159252
       -0.0000140994       -0.0004607164       -0.0000096717
       -0.0000159252       -0.0000096717       -0.0004881114
 QMD%strs
QMD%loopc, QMD%smax   56    0.847164E-03    0.500000E-06      -0.5470331187E+00
       -0.0005073362       -0.0000191173       -0.0000182998
       -0.0000191173       -0.0004664063       -0.0000101244
       -0.0000182998       -0.0000101244       -0.0004894388
 QMD%strs
QMD%loopc, QMD%smax   57    0.855309E-03    0.500000E-06      -0.5425641946E+00
       -0.0005149602       -0.0000255001       -0.0000204144
       -0.0000255001       -0.0004710721       -0.0000109441
       -0.0000204144       -0.0000109441       -0.0004896046
 QMD%strs
QMD%loopc, QMD%smax   58    0.850437E-03    0.500000E-06      -0.5414855148E+00
       -0.0005125192       -0.0000263987       -0.0000193191
       -0.0000263987       -0.0004581709       -0.0000114179
       -0.0000193191       -0.0000114179       -0.0004958281
 QMD%strs
QMD%loopc, QMD%smax   59    0.838798E-03    0.500000E-06      -0.5356050267E+00
       -0.0005066113       -0.0000248057       -0.0000221622
       -0.0000248057       -0.0004474846       -0.0000132029
       -0.0000221622       -0.0000132029       -0.0004914897
 QMD%strs
QMD%loopc, QMD%smax   60    0.836160E-03    0.500000E-06      -0.5323954767E+00
       -0.0005095287       -0.0000298945       -0.0000269878
       -0.0000298945       -0.0004419783       -0.0000166539
       -0.0000269878       -0.0000166539       -0.0004864173
 QMD%strs
QMD%loopc, QMD%smax   61    0.830670E-03    0.500000E-06      -0.5338892729E+00
       -0.0005093979       -0.0000302886       -0.0000284048
       -0.0000302886       -0.0004346519       -0.0000175485
       -0.0000284048       -0.0000175485       -0.0004831921
 QMD%strs
QMD%loopc, QMD%smax   62    0.825079E-03    0.500000E-06      -0.5373179853E+00
       -0.0005074371       -0.0000306869       -0.0000325172
       -0.0000306869       -0.0004268564       -0.0000193226
       -0.0000325172       -0.0000193226       -0.0004812147
 QMD%strs
QMD%loopc, QMD%smax   63    0.823482E-03    0.500000E-06      -0.5386475709E+00
       -0.0005092634       -0.0000307265       -0.0000339183
       -0.0000307265       -0.0004244202       -0.0000189695
       -0.0000339183       -0.0000189695       -0.0004783554
 QMD%strs
QMD%loopc, QMD%smax   64    0.824341E-03    0.500000E-06      -0.5411060282E+00
       -0.0005115376       -0.0000303572       -0.0000367820
       -0.0000303572       -0.0004259683       -0.0000196675
       -0.0000367820       -0.0000196675       -0.0004751563
 QMD%strs
QMD%loopc, QMD%smax   65    0.833294E-03    0.500000E-06      -0.5425965988E+00
       -0.0005192901       -0.0000315443       -0.0000398721
       -0.0000315443       -0.0004315995       -0.0000171308
       -0.0000398721       -0.0000171308       -0.0004763677
 QMD%strs
QMD%loopc, QMD%smax   66    0.115377E-02    0.500000E-06      -0.5389073385E+00
       -0.0006964928       -0.0000262846       -0.0000260501
       -0.0000262846       -0.0006304615       -0.0000223935
       -0.0000260501       -0.0000223935       -0.0006641696
 QMD%strs
QMD%loopc, QMD%smax   67    0.114233E-02    0.500000E-06      -0.5375843741E+00
       -0.0006930673       -0.0000324060       -0.0000264059
       -0.0000324060       -0.0006215967       -0.0000234275
       -0.0000264059       -0.0000234275       -0.0006549891
 QMD%strs
QMD%loopc, QMD%smax   68    0.115845E-02    0.500000E-06      -0.5433107249E+00
       -0.0006985919       -0.0000299659       -0.0000232065
       -0.0000299659       -0.0006326947       -0.0000225963
       -0.0000232065       -0.0000225963       -0.0006677546
 QMD%strs
QMD%loopc, QMD%smax   69    0.122368E-02    0.500000E-06      -0.5413657214E+00
       -0.0007326485       -0.0000256279       -0.0000218183
       -0.0000256279       -0.0006794149       -0.0000235557
       -0.0000218183       -0.0000235557       -0.0007016072
 QMD%strs
QMD%loopc, QMD%smax   70    0.119675E-02    0.500000E-06      -0.5348114900E+00
       -0.0007193304       -0.0000295512       -0.0000217202
       -0.0000295512       -0.0006587711       -0.0000255219
       -0.0000217202       -0.0000255219       -0.0006876113
 QMD%strs
QMD%loopc, QMD%smax   71    0.117778E-02    0.500000E-06      -0.5325491869E+00
       -0.0007078383       -0.0000309409       -0.0000216141
       -0.0000309409       -0.0006483422       -0.0000273046
       -0.0000216141       -0.0000273046       -0.0006760914
 QMD%strs
QMD%loopc, QMD%smax   72    0.114615E-02    0.500000E-06      -0.5349847251E+00
       -0.0006879818       -0.0000301643       -0.0000200324
       -0.0000301643       -0.0006300293       -0.0000265825
       -0.0000200324       -0.0000265825       -0.0006598046
 QMD%strs
QMD%loopc, QMD%smax   73    0.101369E-02    0.500000E-06      -0.5691281042E+00
       -0.0006135475       -0.0000272907       -0.0000268360
       -0.0000272907       -0.0005594264       -0.0000242158
       -0.0000268360       -0.0000242158       -0.0005744245
 QMD%strs
QMD%loopc, QMD%smax   74    0.982623E-03    0.500000E-06      -0.5735517874E+00
       -0.0005935358       -0.0000265028       -0.0000227456
       -0.0000265028       -0.0005427816       -0.0000221228
       -0.0000227456       -0.0000221228       -0.0005584028
 QMD%strs
QMD%loopc, QMD%smax   75    0.952437E-03    0.500000E-06      -0.5759970973E+00
       -0.0005739691       -0.0000248048       -0.0000182239
       -0.0000248048       -0.0005263582       -0.0000197549
       -0.0000182239       -0.0000197549       -0.0005434082
 QMD%strs
QMD%loopc, QMD%smax   76    0.932717E-03    0.500000E-06      -0.5742978077E+00
       -0.0005604326       -0.0000212037       -0.0000132827
       -0.0000212037       -0.0005155523       -0.0000175847
       -0.0000132827       -0.0000175847       -0.0005351092
 QMD%strs
QMD%loopc, QMD%smax   77    0.936406E-03    0.500000E-06      -0.5635345985E+00
       -0.0005604944       -0.0000155638       -0.0000103340
       -0.0000155638       -0.0005199590       -0.0000140008
       -0.0000103340       -0.0000140008       -0.0005386694
 QMD%strs
QMD%loopc, QMD%smax   78    0.911424E-03    0.500000E-06      -0.5665337647E+00
       -0.0005426563       -0.0000102364       -0.0000061071
       -0.0000102364       -0.0005119910       -0.0000111975
       -0.0000061071       -0.0000111975       -0.0005225060
 QMD%strs
QMD%loopc, QMD%smax   79    0.883551E-03    0.500000E-06      -0.5746980414E+00
       -0.0005232868       -0.0000068103        0.0000000415
       -0.0000068103       -0.0005013462       -0.0000095663
        0.0000000415       -0.0000095663       -0.0005049101
 QMD%strs
QMD%loopc, QMD%smax   80    0.861455E-03    0.500000E-06      -0.5776187303E+00
       -0.0005050092       -0.0000024976        0.0000024419
       -0.0000024976       -0.0004996412       -0.0000073394
        0.0000024419       -0.0000073394       -0.0004869966
 QMD%strs
QMD%loopc, QMD%smax   81    0.842251E-03    0.500000E-06      -0.5800198872E+00
       -0.0004877928        0.0000018615        0.0000040548
        0.0000018615       -0.0004977597       -0.0000057269
        0.0000040548       -0.0000057269       -0.0004727254
 QMD%strs
QMD%loopc, QMD%smax   82    0.826359E-03    0.500000E-06      -0.5833546076E+00
       -0.0004721591        0.0000042302        0.0000039683
        0.0000042302       -0.0004998886       -0.0000026971
        0.0000039683       -0.0000026971       -0.0004581289
 QMD%strs
QMD%loopc, QMD%smax   83    0.805739E-03    0.500000E-06      -0.5888297700E+00
       -0.0004551413        0.0000057629        0.0000042506
        0.0000057629       -0.0004891416       -0.0000051054
        0.0000042506       -0.0000051054       -0.0004499912
 QMD%strs
QMD%loopc, QMD%smax   84    0.773542E-03    0.500000E-06      -0.6010629129E+00
       -0.0004321659        0.0000004487        0.0000004952
        0.0000004487       -0.0004681714       -0.0000127288
        0.0000004952       -0.0000127288       -0.0004379111
 QMD%strs
QMD%loopc, QMD%smax   85    0.759295E-03    0.500000E-06      -0.6120947423E+00
       -0.0004157923       -0.0000057170       -0.0000075598
       -0.0000057170       -0.0004605449       -0.0000202470
       -0.0000075598       -0.0000202470       -0.0004353679
 QMD%strs
QMD%loopc, QMD%smax   86    0.752098E-03    0.500000E-06      -0.6189378788E+00
       -0.0004131655       -0.0000090625       -0.0000013329
       -0.0000090625       -0.0004465985       -0.0000259721
       -0.0000013329       -0.0000259721       -0.0004387045
 QMD%strs
QMD%loopc, QMD%smax   87    0.728312E-03    0.500000E-06      -0.6290234280E+00
       -0.0003988940       -0.0000139199        0.0000064344
       -0.0000139199       -0.0004241286       -0.0000286018
        0.0000064344       -0.0000286018       -0.0004326941
 QMD%strs
QMD%loopc, QMD%smax   88    0.726909E-03    0.500000E-06      -0.6341617985E+00
       -0.0003954012       -0.0000138906        0.0000128133
       -0.0000138906       -0.0004188205       -0.0000316074
        0.0000128133       -0.0000316074       -0.0004372870
 QMD%strs
QMD%loopc, QMD%smax   89    0.738806E-03    0.500000E-06      -0.6401217679E+00
       -0.0003997270       -0.0000126892        0.0000212307
       -0.0000126892       -0.0004307701       -0.0000268367
        0.0000212307       -0.0000268367       -0.0004417708
 QMD%strs
QMD%loopc, QMD%smax   90    0.775402E-03    0.500000E-06      -0.6543051972E+00
       -0.0004125357       -0.0000138226        0.0000304471
       -0.0000138226       -0.0004606292       -0.0000196611
        0.0000304471       -0.0000196611       -0.0004613728
 QMD%strs
QMD%loopc, QMD%smax   91    0.803915E-03    0.500000E-06      -0.6573975961E+00
       -0.0004233080       -0.0000059450        0.0000348669
       -0.0000059450       -0.0004869896       -0.0000220973
        0.0000348669       -0.0000220973       -0.0004722012
 QMD%strs
QMD%loopc, QMD%smax   92    0.913498E-03    0.500000E-06      -0.6473996733E+00
       -0.0004929253       -0.0000112167        0.0000417420
       -0.0000112167       -0.0005443539       -0.0000192635
        0.0000417420       -0.0000192635       -0.0005350003
 QMD%strs
QMD%loopc, QMD%smax   93    0.100194E-02    0.500000E-06      -0.6318798348E+00
       -0.0005488632       -0.0000153436        0.0000471280
       -0.0000153436       -0.0005876821       -0.0000174773
        0.0000471280       -0.0000174773       -0.0005884069
 QMD%strs
QMD%loopc, QMD%smax   94    0.105860E-02    0.500000E-06      -0.6196293278E+00
       -0.0005879749       -0.0000195219        0.0000458452
       -0.0000195219       -0.0006156491       -0.0000155910
        0.0000458452       -0.0000155910       -0.0006204820
 QMD%strs
QMD%loopc, QMD%smax   95    0.105091E-02    0.500000E-06      -0.6197933236E+00
       -0.0005796241       -0.0000207262        0.0000506287
       -0.0000207262       -0.0006102906       -0.0000196402
        0.0000506287       -0.0000196402       -0.0006184436
 QMD%strs
QMD%loopc, QMD%smax   96    0.104416E-02    0.500000E-06      -0.6258596250E+00
       -0.0005682668       -0.0000233142        0.0000549523
       -0.0000233142       -0.0006067310       -0.0000223766
        0.0000549523       -0.0000223766       -0.0006188442
 QMD%strs
QMD%loopc, QMD%smax   97    0.106321E-02    0.500000E-06      -0.6214326249E+00
       -0.0005750440       -0.0000265299        0.0000595379
       -0.0000265299       -0.0006165227       -0.0000309677
        0.0000595379       -0.0000309677       -0.0006315150
 QMD%strs
QMD%loopc, QMD%smax   98    0.105081E-02    0.500000E-06      -0.6254193425E+00
       -0.0005647314       -0.0000273039        0.0000577181
       -0.0000273039       -0.0006082507       -0.0000365951
        0.0000577181       -0.0000365951       -0.0006274084
 QMD%strs
QMD%loopc, QMD%smax   99    0.104860E-02    0.500000E-06      -0.6278558974E+00
       -0.0005582383       -0.0000306742        0.0000574789
       -0.0000306742       -0.0006035733       -0.0000437726
        0.0000574789       -0.0000437726       -0.0006316576
 QMD%strs
QMD%loopc, QMD%smax  100    0.104717E-02    0.500000E-06      -0.6329084628E+00
       -0.0005563417       -0.0000344152        0.0000550109
       -0.0000344152       -0.0005992892       -0.0000449176
        0.0000550109       -0.0000449176       -0.0006348207
